Iteracao  0 0.0 6.0 2.2917960671305906 3.7082039322
-4.0518259042756855 -3.681848013942502
Iteracao  1 1.416407864655692 3.7082039322 2.2917960671305906 3.1671842696054893
-4.0518259042756855 -4.97277393968277
Iteracao  2 2.2917960671305906 3.7082039322 3.1671842696054893 3.501552809643903
-4.97277393968277 -4.327317351479594
Iteracao  3 2.2917960671305906 3.501552809643903 2.8328157295670753 3.1671842696054893
-5.067423469139876 -4.97277393968277
Iteracao  4 2.6261646070713387 3.1671842696054893 2.8328157295670753 3.039466852062812
-5.067423469139876 -5.075896826758841
Iteracao  5 2.8328157295670753 3.1671842696054893 3.039466852062812 3.1184005570531763
-5.075896826758841 -5.021845394441073
Iteracao  6 2.8328157295670753 3.1184005570531763 2.960533147072448 3.039466852062812
-5.098339149624946 -5.075896826758841
Iteracao  7 2.911749434534384 3.039466852062812 2.960533147072448 3.0093168596105118
-5.098339149624946 -5.0882119235648835
Iteracao  8 2.911749434534384 3.0093168596105118 2.9418994269778778 2.960533147072448
-5.099006054041833 -5.098339149624946
Iteracao  9 2.9303831546235113 2.960533147072448 2.9418994269778778 2.9534156993322442
-5.099006054041833 -5.098802850932238
Iteracao  10 2.937500602361636 2.9534156993322442 2.9418994269778778 2.9490168747160026
-5.099006054041833 -5.098960287859852
Iteracao  11 2.9402192254848036 2.9490168747160026 2.9418994269778778 2.9462982515928346
-5.099006054041833 -5.0990082578572595
Iteracao  12 2.9418994269778778 2.9490168747160026 2.9462982515928346 2.947978453085418
-5.0990082578572595 -5.098983059015877
Iteracao  13 2.9418994269778778 2.947978453085418 2.9446180501002512 2.9462982515928346
-5.099019061808809 -5.0990082578572595
Iteracao  14 2.9435796284699705 2.9462982515928346 2.9446180501002512 2.9456564717305325
-5.099019061808809 -5.099014083688355
Iteracao  15 2.9435796284699705 2.9456564717305325 2.9442214083320852 2.9446180501002512
-5.099019512085516 -5.099019061808809
Iteracao  16 2.9439762702380206 2.9446180501002512 2.9442214083320852 2.94446654642615
-5.099019512085516 -5.099019328486267
Iteracao  17 2.9441277739120775 2.94446654642615 2.9442214083320852 2.944372912006142
-5.099019512085516 -5.099019434782179
Iteracao  18 2.9441277739120775 2.944372912006142 2.9441856431661546 2.9442214083320852
-5.099019513258504 -5.099019512085516
Iteracao  19 2.944163539077998 2.9442214083320852 2.9441856431661546 2.9442077472543113
-5.099019513258504 -5.099019513303422
Iteracao  20 2.9441856431661546 2.9442214083320852 2.9442077472543113 2.9442161902646977
-5.099019513303422 -5.099019512663037
Iteracao  21 2.9441856431661546 2.9442161902646977 2.9441993042439245 2.9442077472543113
-5.099019513580327 -5.099019513303422
-5.099019513580327
-5.0990195134520935
